11336940
12586182
12867391
21499770
19123151
19860553
10837379
15097262
17519068
25430900
24672097
16458964
12485286
11167277
18327364
15598478
10901475
21792284
12470755
9230823
23550916
27445072
10664047
21851642
15857284
22775229
12383812
12466165
20545217
25533656
20429818
12483094
12660585
1524115
25432143
8694726
17571086
17407624
21257146
17197028
1882923
16750448
10877373
8123096
16825272
22320418
11825814
17244215
16009829
26578422
11558817
15094733
21034177
11952485
15037890
26940161
9331215
23203707
10080213
14736774
18402717
18535605
18721251
19726422
8628544
12486510
15220019
19476406
23950156
