16715577
28345162
19108786
27650977
14706058
27321385
24650952
15842521
28035868
18204830
18761646
21114605
22313154
25753488
23706759
21819517
21802161
23906445
17929538
23404788
18194595
17115351
20920045
22672081
22742523
23949898
28923291
29862619
17404349
12734781
28547998
23039321
17157112
28483786
16505498
19565569
20092585
24205943
17593236
24639432
23082447
28345792
19307526
29017497
23230096
24237386
15205563
29362626
11315821
23628617
18158076
23627775
20415692
19336625
14578243
15715892
21138825
26598090
23948125
28026912
28548024
27711199
23160726
20200301
22134839
27589252
26950829
20880343
